2 0200
2 0201
0 0232
2 0202
2 0203
2 0204
1 0233
2 0205
1 0236
2 0206
0 0231
2 0207
1 0234
2 0210
0 0231
2 0211
2 0212
1 0235
2 0213
0 0235
0 0401
2 0214
2 0215
0 0234
0 0400
2 0216
2 0220
0 0234
1 0234
2 0221
0 0235
1 0235
2 0222
0 0233
1 0233
2 0223
2 0213
0 0235
0 0402
2 0214
2 0215
0 0234
0 0401
2 0216
2 0217
1 0240
2 0241
0 0234
0 0401
2 0242
1 0237
2 0243
0 0235
0 0402
2 0244
0 0234
1 0401
2 0245
0 0237
2 0246
0 0235
1 0402
2 0247
2 0250
1 0236
2 0251
0 0240
2 0220
0 0234
1 0234
2 0221
0 0235
1 0235
2 0222
0 0233
1 0233
2 0223
2 0213
0 0235
0 0403
2 0214
2 0215
0 0234
0 0402
2 0216
2 0220
0 0234
1 0234
2 0221
0 0235
1 0235
2 0222
0 0233
1 0233
2 0223
2 0213
0 0235
0 0404
2 0214
2 0215
0 0234
0 0403
2 0216
2 0217
1 0240
2 0241
0 0234
0 0403
2 0242
1 0237
2 0243
0 0235
0 0404
2 0244
0 0234
1 0403
2 0245
0 0237
2 0246
0 0235
1 0404
2 0247
2 0250
1 0236
2 0251
0 0240
2 0220
0 0234
1 0234
2 0221
0 0235
1 0235
2 0222
0 0233
1 0233
0 0233
2 0224
0 0236
2 0225
2 0226
2 0200
2 0201
0 0232
2 0202
2 0203
2 0204
1 0233
2 0205
1 0236
2 0206
0 0231
2 0207
1 0234
2 0210
0 0231
2 0211
2 0212
1 0235
2 0213
0 0235
0 0401
2 0214
2 0215
0 0234
0 0400
2 0216
2 0217
1 0240
2 0241
0 0234
0 0400
2 0242
1 0237
2 0243
0 0235
0 0401
2 0244
0 0234
1 0400
2 0245
0 0237
2 0246
0 0235
1 0401
2 0247
2 0250
1 0236
2 0251
0 0240
2 0220
0 0234
1 0234
2 0221
0 0235
1 0235
2 0222
0 0233
1 0233
2 0223
2 0213
0 0235
0 0402
2 0214
2 0215
0 0234
0 0401
2 0216
2 0220
0 0234
1 0234
2 0221
0 0235
1 0235
2 0222
0 0233
1 0233
2 0223
2 0213
0 0235
0 0403
2 0214
2 0215
0 0234
0 0402
2 0216
2 0217
1 0240
2 0241
0 0234
0 0402
2 0242
1 0237
2 0243
0 0235
0 0403
2 0244
0 0234
1 0402
2 0245
0 0237
2 0246
0 0235
1 0403
2 0247
2 0250
1 0236
2 0251
0 0240
2 0220
0 0234
1 0234
2 0221
0 0235
1 0235
2 0222
0 0233
1 0233
2 0223
2 0213
0 0235
0 0404
2 0214
2 0215
0 0234
0 0403
2 0216
2 0220
0 0234
1 0234
2 0221
0 0235
1 0235
2 0222
0 0233
1 0233
0 0233
2 0224
0 0236
2 0225
2 0226
2 0200
2 0201
0 0232
2 0202
2 0203
2 0204
1 0233
2 0205
1 0236
2 0206
0 0231
2 0207
1 0234
2 0210
0 0231
2 0211
2 0212
1 0235
2 0213
0 0235
0 0401
2 0214
2 0215
0 0234
0 0400
2 0216
2 0220
0 0234
1 0234
2 0221
0 0235
1 0235
2 0222
0 0233
1 0233
2 0223
2 0213
0 0235
0 0402
2 0214
2 0215
0 0234
0 0401
2 0216
2 0220
0 0234
1 0234
2 0221
0 0235
1 0235
2 0222
0 0233
1 0233
2 0223
2 0213
0 0235
0 0403
2 0214
2 0215
0 0234
0 0402
2 0216
2 0220
0 0234
1 0234
2 0221
0 0235
1 0235
2 0222
0 0233
1 0233
2 0223
2 0213
0 0235
0 0404
2 0214
2 0215
0 0234
0 0403
2 0216
2 0220
0 0234
1 0234
2 0221
0 0235
1 0235
2 0222
0 0233
1 0233
0 0233
2 0224
0 0236
2 0225
2 0227
