2 0200
0 0100
2 0201
0 0101
2 0202
0 0102
1 0102
0 0102
2 0204
0 0102
1 0102
2 0205
1 0102
2 0206
2 0210
0 0104
2 0211
2 0212
2 0213
2 0214
2 0215
2 0216
2 0217
2 0220
2 0221
2 0222
2 0223
2 0224
2 0225
0 0101
2 0226
2 0227
2 0231
2 0232
2 0233
2 0234
2 0235
2 0236
0 0102
2 0237
1 0102
2 0240
2 0242
2 0243
2 0244
2 0246
2 0247
2 0250
2 0251
2 0252
2 0254
2 0255
0 0010
1 0010
0 0010
0 0102
2 0256
2 0260
2 0261
2 0262
0 0105
1 0270
2 0271
0 0101
2 0272
0 0270
2 0263
2 0264
2 0266
0 0010
1 0010
0 0010
1 0103
2 0267
